W0:0.429039
W1:-0.990453
W2:0.828178
