W0:0.404305
W1:-0.35597
W2:0.252211
